75
58 64 505.7 384
39 50 145.6 384
8 42 97.3 384
31 5 339.8 384
63 65 428.1 768
9 64 286.4 384
28 63 307.2 768
4 40 42.5 384
20 21 297.9 768
44 9 283.9 384
26 46 571.9 768
20 23 159.4 384
16 45 255.9 768
21 69 708.8 384
18 67 955.5 768
5 63 232.4 384
22 60 584.6 384
10 72 289.3 384
33 46 157.6 384
7 54 404.0 384
66 67 204.9 768
7 9 300.2 384
27 12 92.9 384
19 23 48.0 768
1 24 357.9 384
56 13 120.3 192
6 35 91.4 768
4 70 5.2 384
3 25 50.5 768
19 24 105.0 384
45 15 463.1 384
6 7 19.1 384
29 30 242.9 384
73 74 275.0 384
50 52 149.0 384
1 18 127.8 768
15 67 38.5 768
34 35 158.2 384
6 75 97.0 384
4 72 122.2 768
26 48 397.7 384
44 59 258.6 384
41 70 55.5 384
41 12 204.6 384
38 39 22.5 384
11 61 174.8 384
37 68 382.0 384
43 46 353.1 384
5 10 271.6 384
61 14 110.7 384
35 42 131.4 384
34 9 276.1 384
31 37 209.5 384
6 12 853.0 768
29 32 240.2 384
11 53 35.7 768
34 13 118.8 384
33 7 352.1 384
28 30 148.5 384
27 38 135.4 384
51 55 206.5 768
40 71 203.7 384
22 3 88.7 384
56 62 194.1 384
54 55 36.1 384
31 32 404.9 384
21 3 8.4 384
61 62 196.8 384
44 46 199.7 384
40 14 106.0 192
17 49 249.1 384
8 57 63.5 384
2 49 273.2 384
17 1 161.7 384
55 57 115.4 384
41 56 395.4 384
66 68 176.7 384
2 25 369.1 384
17 48 335.2 384
50 53 134.6 768
47 12 59.0 384
36 13 106.6 384
2 24 132.8 384
69 73 656.7 192
60 74 175.5 384
11 12 10.7 384
43 75 357.1 384
40 41 21.5 384
47 14 39.1 384
15 68 269.1 384
64 65 235.9 768
48 58 618.6 384
51 52 166.0 384
45 64 233.8 768
59 15 280.0 384
16 5 168.6 384
63 71 398.3 768
36 65 184.0 384
26 69 443.7 384
54 62 109.5 384
