30
1 8
14 27
26 3
4 14
13 6
14 3
1 14
13 10
9 19
15 30
27 30
10 4
2 29
7 5
15 20
19 18
28 22
21 3
1 30
29 10
19 16
14 23
19 27
28 16
26 22
22 3
8 12
11 22
21 20
17 27
28 24
3 6
15 17
16 13
12 25
23 11
10 21
1 19
28 10
29 12
10 8
6 16
15 14
12 24
3 30
3 4
13 11
9 20
19 9
7 18
27 22
21 26
27 8
6 5
3 14
13 12
10 22
20 23
22 5
28 9
10 6
5 9
18 10
11 27
25 1
23 2
7 11
6 15
16 18
16 29
28 23
5 2
12 11
14 17
16 21
20 1
29 28
27 7
8 5
3 8
7 17
26 14
24 5
28 13
11 7
6 30
9 21
21 18
16 26
26 23
4 8
8 13
22 23
21 30
1 26
6 13
1 11
10 9
7 20
18 13
14 24
23 26
2 6
4 10
11 18
19 15
14 5
6 2
