30
20 29
4 9
10 19
20 3
1 4
14 12
15 16
17 15
25 26
24 29
27 12
7 15
24 22
25 1
10 13
11 4
3 8
6 17
16 4
3 11
9 11
20 22
21 24
22 24
25 12
10 5
22 15
25 5
30 14
15 14
24 27
26 5
3 29
29 30
29 16
10 25
25 29
8 6
7 18
16 21
19 6
5 30
28 30
6 20
15 2
1 30
22 23
21 9
7 22
20 16
14 21
21 1
30 25
26 15
14 17
15 13
11 22
18 2
1 25
4 30
28 15
15 12
11 18
16 29
27 22
23 2
11 6
5 11
12 21
19 9
28 24
25 3
4 13
14 8
6 19
18 15
25 21
19 28
29 10
9 6
5 14
24 9
10 24
23 3
7 24
25 18
23 25
