30
3 29
22 1
27 11
11 14
15 6
6 11
11 19
17 24
23 24
24 28
27 4
4 26
26 1
1 6
7 11
10 30
30 10
11 16
16 21
21 29
29 9
8 15
15 20
18 25
24 17
17 23
23 27
7 3
29 3
3 9
9 5
5 12
11 12
12 15
15 22
20 14
14 10
19 24
24 30
30 20
20 26
26 4
2 9
8 28
28 4
4 8
6 14
14 5
5 10
11 15
16 23
21 4
4 12
10 17
17 22
20 13
12 19
19 23
29 30
30 3
3 10
9 2
2 8
8 12
10 18
16 7
8 13
13 19
19 26
24 14
14 19
20 24
24 2
30 24
24 29
29 13
13 4
4 9
15 11
5 30
9 13
19 12
11 18
18 21
21 28
27 20
23 2
30 5
4 27
10 5
5 11
4 10
16 22
23 14
19 16
20 28
28 24
9 30
5 2
13 27
27 2
13 8
6 13
24 16
14 22
28 2
2 25
24 1
