30
10 14
15 5
5 9
9 22
22 18
18 2
2 22
21 4
2 8
6 26
6 8
8 9
7 11
11 16
16 17
17 21
20 3
1 21
1 5
3 2
2 7
7 12
12 4
5 17
17 16
15 19
20 24
19 23
23 2
2 23
23 9
11 2
2 15
15 13
11 21
19 20
20 23
24 28
8 28
28 2
1 13
11 4
4 11
9 17
17 13
8 13
13 18
17 22
22 14
14 21
19 27
25 2
2 20
21 25
25 1
1 7
7 30
28 3
4 9
19 8
8 14
14 20
20 25
25 17
26 2
30 24
24 29
29 5
3 8
8 22
22 6
6 12
12 5
3 10
21 17
17 15
21 28
28 17
17 24
23 30
30 4
3 26
24 2
30 5
14 11
3 9
14 18
