30
30 28
5 10
11 21
21 25
24 29
26 11
11 17
17 9
9 14
14 19
20 21
21 5
11 25
25 16
16 19
19 26
25 30
29 7
7 14
12 20
18 12
12 17
17 21
20 24
24 17
16 23
23 29
29 3
3 13
12 3
3 11
9 16
15 22
22 3
3 8
8 13
11 19
17 10
10 15
16 21
21 17
27 2
2 29
8 4
30 4
4 10
10 14
12 6
4 11
11 16
17 22
22 13
13 1
1 20
30 7
7 28
2 9
9 5
9 18
13 11
20 17
26 16
14 22
22 25
25 2
2 24
15 20
20 4
4 26
26 29
29 5
5 12
12 28
28 30
30 6
6 10
11 2
11 7
8 15
13 18
14 20
24 1
29 23
21 28
27 4
4 7
28 3
