30
6 16
12 22
23 4
3 14
13 10
9 29
29 18
16 29
28 30
29 28
26 9
8 2
12 14
23 20
19 23
21 4
3 30
29 9
7 6
5 15
16 12
11 22
18 28
26 25
23 6
5 1
30 11
19 15
13 25
23 22
21 1
26 8
6 5
4 12
22 12
11 19
19 18
17 30
28 25
23 27
28 8
6 12
4 25
23 21
21 30
28 2
3 29
27 11
9 28
28 19
17 14
14 16
15 28
26 23
23 3
10 21
19 17
15 17
15 27
6 24
4 15
13 2
1 12
11 13
13 11
20 22
1 28
7 5
6 14
13 23
3 28
27 8
6 25
26 7
2 9
10 6
16 18
27 23
24 3
2 1
29 11
1 14
9 20
26 28
7 21
20 29
25 3
12 9
19 7
8 28
26 22
20 24
14 11
16 21
30 17
18 29
27 1
29 26
14 4
13 22
18 30
9 8
10 18
16 5
15 26
25 29
28 24
3 1
