30
19 4
10 25
21 29
3 1
10 6
5 16
14 4
13 23
22 20
18 23
21 2
30 27
7 9
18 14
13 24
23 27
28 23
21 4
2 1
30 10
19 10
8 10
11 21
20 19
17 28
27 6
7 16
14 16
15 28
26 22
23 4
28 11
10 29
30 9
14 13
12 23
30 28
26 7
3 14
13 17
15 27
25 21
22 3
1 30
28 27
27 5
12 11
10 20
18 16
14 27
25 22
2 29
5 15
16 12
11 24
22 19
27 24
26 20
29 15
16 6
4 3
1 14
13 9
7 12
21 27
25 8
6 4
2 11
12 8
18 11
11 1
30 20
19 2
28 8
7 6
4 6
15 18
23 5
29 10
10 5
15 10
9 28
29 17
15 26
25 24
24 2
28 5
15 12
22 11
21 28
29 25
7 20
18 8
6 15
21 25
24 6
4 1
30 19
18 17
14 21
29 27
6 3
4 23
24 21
18 30
1 6
7 17
16 2
