30
22 23
28 7
5 27
27 11
9 17
15 8
8 11
11 17
17 24
23 5
5 10
10 15
16 21
21 14
13 20
20 4
4 30
26 30
1 6
4 12
10 3
3 9
9 13
11 16
16 9
7 15
15 22
21 26
26 16
17 21
20 27
27 3
3 24
25 29
29 3
13 9
4 1
1 8
7 11
11 18
17 11
16 22
20 14
12 17
18 22
22 30
28 18
16 24
24 30
30 4
5 26
24 1
15 12
12 3
3 18
18 14
23 20
20 11
11 26
25 2
2 23
21 28
28 4
30 1
30 3
3 10
10 16
16 2
30 5
5 12
10 13
13 6
12 19
19 22
22 15
14 28
26 4
25 21
21 6
6 2
11 8
3 7
13 19
9 7
16 13
22 27
27 17
18 23
23 30
28 6
6 28
28 3
1 5
5 11
11 23
21 29
2 11
9 2
17 15
15 7
7 21
21 17
22 20
3 1
26 22
2 28
7 12
13 3
