30
5 26
2 17
17 21
20 10
10 25
23 22
21 25
23 29
8 23
25 9
9 27
6 10
10 13
8 14
12 18
16 21
16 20
20 4
2 22
22 26
5 9
9 29
30 4
13 14
14 15
15 19
19 24
25 14
14 29
30 1
1 24
22 27
27 1
26 2
1 6
5 4
4 7
7 22
8 27
26 16
16 1
29 6
15 7
9 13
13 11
13 15
16 28
27 19
19 21
21 22
21 27
25 29
29 30
1 11
11 17
7 13
11 16
16 17
16 26
30 21
1 5
3 7
2 8
8 12
12 9
7 12
12 27
27 10
11 14
15 18
19 17
15 1
29 5
3 25
24 9
13 3
1 22
22 11
11 15
15 30
28 18
18 2
2 28
28 1
2 16
17 7
7 10
