30
23 19
28 8
6 2
12 7
11 24
22 20
18 28
24 26
5 2
1 13
11 15
13 25
23 11
12 23
19 21
30 26
26 12
12 9
8 18
16 15
14 26
21 1
30 25
4 15
14 9
9 20
19 10
15 19
17 2
2 28
7 9
18 15
16 24
23 22
20 22
23 3
12 30
9 21
19 7
6 19
17 20
21 17
16 29
27 23
24 5
14 11
10 14
12 25
24 20
30 27
29 6
7 26
5 12
13 9
16 26
21 6
4 30
29 18
16 12
21 5
3 1
29 9
8 6
5 1
30 14
13 8
9 28
27 24
22 27
26 6
5 3
14 12
10 21
28 6
5 4
30 2
3 9
7 20
19 15
16 4
3 29
30 10
9 6
5 15
22 25
24 28
26 16
25 5
6 3
1 14
8 13
14 21
22 17
26 8
6 5
3 13
14 10
8 12
13 23
22 13
12 22
2 29
27 10
9 11
9 8
6 18
16 13
4 21
