30
23 3
29 17
18 17
16 27
26 27
25 29
28 13
12 30
30 14
14 13
11 15
13 28
27 18
17 21
22 7
7 4
4 7
7 11
11 4
2 8
6 10
10 12
10 14
14 15
13 19
18 24
22 23
23 26
26 7
5 27
9 7
7 10
10 25
24 19
19 4
4 24
22 26
8 22
20 4
3 30
29 14
12 17
17 15
15 18
27 17
15 12
13 14
14 28
26 24
26 28
29 4
27 7
5 10
10 8
8 11
20 10
9 13
23 21
22 6
4 3
3 6
6 5
5 9
8 12
19 22
23 22
21 25
23 8
7 19
17 29
8 27
27 11
12 14
12 16
15 14
14 25
24 28
28 26
28 1
1 3
1 4
4 15
11 13
13 26
26 15
15 28
29 1
