30
3 6
13 16
16 28
28 2
3 26
27 29
29 26
24 9
8 12
12 2
3 18
18 21
19 20
19 2
30 21
19 4
4 10
8 28
27 2
12 13
8 14
12 18
16 22
20 12
22 28
26 25
23 8
6 28
27 1
10 15
15 6
6 15
15 13
13 18
18 3
1 21
21 25
5 28
28 30
18 24
26 23
25 28
28 13
10 8
14 19
19 11
11 14
14 21
20 27
24 16
16 23
22 29
29 2
2 25
24 30
9 11
11 12
10 14
14 18
18 22
22 20
20 22
21 8
7 8
8 4
14 10
10 17
16 26
2 30
2 5
5 19
20 26
26 9
9 13
18 25
25 17
16 20
26 1
22 30
30 5
5 10
8 9
8 15
15 11
21 17
17 7
17 13
