30
14 28
26 22
23 12
21 26
24 28
28 29
29 3
2 29
29 13
11 15
9 13
13 18
18 22
23 24
3 25
25 27
25 24
25 28
7 12
12 9
7 11
21 13
16 20
20 18
20 2
2 28
3 7
6 4
6 8
8 22
22 16
16 29
28 11
11 27
25 29
29 19
29 9
9 29
30 10
10 14
14 5
14 20
18 23
17 21
20 24
4 24
26 10
10 29
29 8
6 22
22 26
26 9
7 21
21 23
19 21
21 27
27 3
3 26
24 29
30 5
5 11
11 1
10 7
12 17
17 9
9 14
28 21
27 1
1 7
7 29
29 25
5 9
15 7
6 13
11 19
19 24
24 7
9 17
17 24
22 13
14 19
19 27
25 2
1 21
21 28
2 8
7 30
