30
30 23
29 10
11 1
1 14
13 17
12 22
20 24
24 19
17 22
22 26
21 25
25 7
7 25
25 9
9 13
11 3
12 18
18 20
20 18
20 23
23 24
24 28
26 30
9 30
28 13
17 15
16 22
22 13
13 16
13 19
19 2
1 21
21 7
5 9
9 8
7 8
7 22
27 16
17 21
21 6
5 1
1 6
6 10
10 11
11 13
12 5
6 7
21 12
11 15
25 29
29 17
17 1
1 28
28 30
30 16
14 6
4 9
9 25
25 3
25 1
10 30
29 3
12 16
15 16
14 18
18 16
19 25
25 24
24 3
3 6
15 19
19 9
8 13
23 27
27 23
28 26
28 5
5 28
28 9
8 14
23 12
27 1
28 4
3 5
5 2
12 14
14 12
