30
21 22
29 11
8 19
7 16
15 11
12 22
21 20
19 30
10 12
10 9
9 18
16 15
14 26
25 22
20 9
7 13
14 29
28 11
9 6
14 11
17 23
24 3
2 30
27 10
16 24
26 27
26 22
23 4
2 24
22 3
13 9
7 11
12 23
21 19
17 29
30 25
23 6
4 8
7 18
14 16
25 21
20 3
1 22
21 30
1 3
2 12
18 22
20 26
27 22
21 10
8 4
3 16
17 22
1 21
19 1
10 30
10 19
20 16
15 28
28 26
27 6
4 2
11 23
19 29
27 18
23 19
19 9
8 7
5 18
17 11
21 27
25 23
21 3
12 9
8 16
17 14
12 8
7 20
18 17
15 5
6 23
2 14
13 8
9 14
18 30
1 26
25 6
16 4
13 7
17 15
15 27
3 5
1 18
16 12
18 19
28 25
24 7
5 30
1 17
15 7
6 16
11 22
18 29
27 23
3 12
10 16
17 13
12 25
