30
2 1
6 21
19 30
29 25
4 6
1 11
16 14
12 25
24 18
19 25
23 6
5 25
23 11
9 8
7 15
16 13
22 24
20 29
30 3
2 12
13 8
6 19
18 14
15 26
21 29
8 27
26 7
6 5
3 14
15 12
10 13
23 21
30 10
9 5
6 15
22 17
16 25
5 24
25 5
4 1
29 10
11 5
15 10
9 20
29 26
25 8
6 1
10 15
20 24
22 11
21 1
29 28
27 9
7 9
7 5
14 16
26 22
20 2
30 29
29 17
16 21
23 24
19 21
30 26
24 12
10 8
6 18
13 22
21 20
18 1
29 3
1 13
11 8
9 19
8 19
15 25
25 29
27 8
14 20
13 18
16 28
26 23
8 6
7 16
4 16
14 12
20 21
19 5
3 2
11 9
7 20
19 16
26 18
7 6
14 4
5 14
12 11
9 12
13 24
3 21
8 10
18 15
14 24
17 25
25 22
2 5
11 19
21 22
