30
21 5
10 21
20 29
27 4
4 5
4 15
13 11
20 15
16 27
25 24
22 10
9 1
29 10
9 5
15 17
12 23
24 18
17 7
6 2
30 12
10 16
8 14
15 23
22 25
23 6
5 24
3 1
29 12
10 5
6 24
22 19
18 29
24 26
5 3
1 11
10 14
14 24
24 21
20 3
1 19
29 1
26 13
13 10
9 22
20 17
16 26
24 23
22 2
24 6
15 3
13 21
23 18
17 30
28 16
17 19
28 30
10 6
4 17
15 14
13 22
21 27
25 20
21 1
11 29
8 18
19 14
13 7
5 15
14 13
11 24
23 20
3 8
6 18
16 14
23 4
3 30
28 11
10 11
10 1
30 13
11 8
28 15
16 6
4 9
8 3
4 14
13 12
27 29
28 1
10 13
9 13
16 13
14 25
23 26
30 4
9 21
19 17
15 27
25 7
5 26
4 3
1 13
11 10
8 28
29 28
28 6
7 2
11 23
