30
30 27
5 11
21 15
13 25
4 14
23 3
4 29
27 10
2 12
10 8
17 28
27 23
24 5
3 1
29 3
1 14
13 10
19 30
28 21
19 2
1 2
1 30
28 7
8 5
14 16
26 22
23 25
23 6
5 30
28 12
10 9
7 17
27 14
13 19
20 30
29 28
26 6
5 2
30 14
12 15
14 26
3 27
25 15
16 11
9 8
15 16
14 24
22 18
28 10
8 28
7 9
8 19
17 14
15 25
23 21
30 3
12 5
4 12
14 10
8 21
20 16
15 26
6 30
28 9
5 7
16 12
12 23
21 17
19 5
3 2
30 12
1 10
11 7
5 17
15 17
18 24
4 1
10 11
9 18
19 27
29 25
23 7
5 22
13 2
1 21
22 24
22 20
18 28
27 26
24 7
7 4
2 20
25 21
19 29
28 30
9 6
5 9
8 18
16 14
12 25
24 20
30 11
10 13
9 22
16 28
27 15
24 6
4 8
