30
13 20
19 17
19 23
23 15
15 20
20 4
2 25
24 28
27 4
4 11
10 3
3 7
6 11
12 17
17 8
8 16
14 21
21 25
24 14
20 26
5 1
27 23
2 7
8 12
12 3
2 9
7 15
15 22
21 30
30 4
5 10
14 9
7 12
13 18
18 24
24 23
23 20
29 26
26 30
1 22
22 29
27 13
13 4
4 9
10 14
20 16
12 18
18 20
25 18
18 21
21 27
3 25
9 4
14 10
28 24
3 30
9 5
5 6
10 17
17 23
21 15
15 18
18 25
23 29
27 21
21 28
26 1
5 30
28 4
4 8
7 14
9 18
14 12
22 24
24 30
28 22
22 26
27 2
7 20
2 8
8 30
30 11
9 16
15 19
19 24
24 15
13 21
