30
2 30
25 29
29 4
14 19
19 8
8 15
14 21
19 27
27 16
16 21
21 5
5 1
26 23
23 29
29 5
4 6
4 9
9 15
15 20
20 12
12 17
18 16
16 28
28 21
20 27
26 3
2 6
6 26
27 2
30 8
6 13
13 4
5 9
15 19
17 23
2 23
24 29
27 4
4 1
10 30
29 6
6 10
9 16
16 8
8 13
13 18
19 12
21 27
27 23
18 15
29 25
25 23
23 30
12 4
3 8
8 16
14 17
17 8
14 20
19 26
24 18
18 23
23 27
7 3
29 3
4 8
13 6
6 12
20 7
5 12
11 18
21 14
14 29
27 19
28 24
4 30
30 29
30 6
6 8
8 14
14 6
12 16
16 22
22 15
18 25
25 1
29 20
