1	2	3	4	5	6	8	9	10	
1	2	3	4	5	6	8	10	
1	2	3	4	5	6	8	
1	2	3	4	5	6	7	9	8	10	
1	2	3	4	5	6	7	9	8	
1	2	3	4	5	6	7	9	10	8	
1	2	3	4	5	6	7	9	10	
1	2	3	4	5	8	6	7	9	10	
1	2	3	4	5	8	9	10	
1	2	3	4	5	8	10	
1	2	3	4	5	8	
1	2	3	4	5	7	6	8	9	10	
1	2	3	4	5	7	6	8	10	
1	2	3	4	5	7	6	8	
1	2	3	4	5	7	9	8	10	
1	2	3	4	5	7	9	8	
1	2	3	4	5	7	9	10	8	
1	2	3	4	5	7	9	10	
1	2	3	8	5	6	7	9	10	
1	2	3	8	5	7	9	10	
1	2	3	8	6	5	7	9	10	
1	2	3	8	6	7	9	10	
1	2	3	8	9	10	
1	2	3	8	10	
1	2	3	8	
1	10	9	7	6	5	4	3	8	
1	10	9	7	6	5	8	
1	10	9	7	6	8	
1	10	9	7	5	4	3	8	
1	10	9	7	5	6	8	
1	10	9	7	5	8	
1	10	9	8	
1	10	8	
3	4	5	6	8	
3	4	5	6	7	9	8	
3	4	5	6	7	9	10	8	
3	4	5	8	
3	4	5	7	6	8	
3	4	5	7	9	8	
3	4	5	7	9	10	8	
5	6	8	
5	6	8	9	7	
5	6	8	10	9	7	
5	6	7	
5	6	7	9	8	
5	6	7	9	10	8	
5	8	6	7	
5	8	9	7	
5	8	10	9	7	
